env_name: default_humanoid
reward_params: {'rew_forward': {'weight': 1.25}, 'rew_healthy': {'weight': 5.0, 'healthy_z_lower': 1.0, 'healthy_z_upper': 2.0}, 'rew_ctrl_cost': {'weight': 0.1}}
testing on 2048 environments
(RunningStatisticsState(mean=Array([ 1.21420884e+00,  9.27026570e-01,  2.19479371e-02, -8.46847594e-02,
        1.02622300e-01, -8.07616785e-02,  1.55582741e-01, -4.87376330e-03,
        9.66638029e-02,  2.37300023e-01,  2.07092151e-01, -1.56983852e-01,
       -3.30136001e-01, -3.30936424e-02,  5.29427789e-02,  2.33087137e-01,
       -1.80382773e-01, -4.23592776e-01, -2.68891454e-01, -2.22014740e-01,
        9.52668488e-02, -3.84525687e-01,  5.74844256e-02,  4.70564395e-01,
       -3.47301006e-01, -4.60169138e-03,  7.69263685e-01, -5.50119439e-05,
       -1.40696213e-01,  8.54856297e-02, -7.21697584e-02,  7.21024051e-02,
       -1.05216227e-01,  7.39778578e-02, -2.02215929e-02, -1.40329991e-02,
        6.44591227e-02, -8.35893005e-02, -3.64073843e-01, -1.65249959e-01,
       -2.29897518e-02, -2.46522855e-02,  1.89215504e-02, -1.67056620e-01,
       -3.34727317e-01, -1.69036403e-01, -1.33118508e-02,  3.64938118e-02,
       -8.47677067e-02, -1.99550763e-01,  1.80941641e-01, -1.38818800e-01,
       -2.46061042e-01,  8.13195825e-01,  8.03315639e-01,  6.43303171e-02,
        2.93070776e-03,  7.11690495e-03,  1.11137871e-02, -1.03927953e-02,
       -3.33862118e-02,  2.09247184e+00,  5.85383463e+00,  1.04476821e+00,
        1.04853201e+00,  8.53734985e-02, -9.14427976e-04,  6.42525181e-02,
        2.69638989e-02, -1.10868514e-01, -5.14469557e-02,  1.74117088e+00,
        3.05362773e+00,  7.18168095e-02,  7.01388344e-02,  1.63555276e-02,
        5.10332466e-04, -6.95300288e-03, -1.13699376e-03,  4.29798663e-02,
        5.88325597e-03,  3.66860688e-01,  2.26194668e+00,  6.07645363e-02,
        4.26215678e-02,  7.24004433e-02,  2.59931432e-03, -3.11498501e-04,
       -1.32473919e-03,  1.40821375e-02,  2.78308522e-02,  2.88660172e-02,
        6.61619473e+00,  2.86514610e-01,  2.73642093e-01,  6.67537674e-02,
        7.87235156e-04, -2.04735119e-02, -6.20217063e-02, -3.35137323e-02,
       -3.35388690e-01, -9.29392040e-01,  4.75175095e+00,  8.68123591e-01,
        9.03776884e-01,  1.05977036e-01, -1.37900393e-02, -1.59599006e-01,
       -9.69922841e-02, -2.90042192e-01, -1.80198833e-01, -1.48655248e+00,
        2.75569582e+00,  6.54212356e-01,  6.83940589e-01,  7.35324100e-02,
       -4.65564895e-03, -1.06859356e-01, -4.47605997e-02, -1.51994482e-01,
       -6.11580499e-02, -8.40132236e-01,  1.13114119e+00,  2.73770124e-01,
        2.59645820e-01,  8.75479132e-02, -1.11108357e-02,  2.81047169e-02,
        7.02341199e-02,  1.33596003e-01,  4.04297560e-01, -8.72574329e-01,
        4.75175095e+00,  7.92686880e-01,  8.13656330e-01,  9.83595550e-02,
       -4.60444344e-03,  3.00654862e-02,  9.95008573e-02,  7.88498968e-02,
        2.00082347e-01, -1.39963746e+00,  2.75569582e+00,  5.92376113e-01,
        6.13584399e-01,  7.33514354e-02, -2.35825055e-03,  2.57354118e-02,
        5.65624684e-02,  3.49360481e-02,  8.51510763e-02, -7.82738984e-01,
        1.13114119e+00,  3.38020444e-01,  2.93447047e-01,  1.13129660e-01,
        7.34417001e-03, -2.84664836e-02,  1.10781454e-01,  7.22761080e-02,
       -3.06635022e-01,  6.31507039e-01,  1.66108048e+00,  2.02172205e-01,
        1.81977615e-01,  1.10491373e-01,  1.64785571e-02, -4.38965596e-02,
        6.03571013e-02,  1.19756013e-01, -1.90437719e-01,  3.26945990e-01,
        9.61457610e-01,  6.76991045e-02,  6.75763115e-02,  3.47521864e-02,
        6.04661694e-03, -1.69797409e-02,  1.50477989e-02,  4.53413762e-02,
       -4.38358635e-02,  1.03244655e-01,  2.68082559e-01,  3.11451018e-01,
        2.78618455e-01,  8.85931328e-02,  5.28175524e-03,  1.29633127e-02,
       -9.66259465e-02, -3.93523760e-02,  2.66869098e-01,  6.23818576e-01,
        1.66108048e+00,  1.65890992e-01,  1.53594017e-01,  8.31327289e-02,
       -8.77329800e-03, -2.29026228e-02, -5.22217751e-02,  6.12146258e-02,
        1.71563640e-01,  3.01061273e-01,  9.61457610e-01,  5.80985993e-02,
        5.98002933e-02,  2.70467065e-02, -4.20597149e-03, -1.17121553e-02,
       -1.32130142e-02,  3.31300907e-02,  4.08096835e-02,  9.50794965e-02,
        2.68082559e-01, -9.82867777e-02,  8.66003633e-02,  8.71502832e-02,
        7.50617981e-01, -2.78298948e-02, -7.74239153e-02, -9.82867777e-02,
        8.66003633e-02,  8.71502832e-02,  7.50617981e-01, -2.78298948e-02,
       -7.74239153e-02,  1.75536156e-03,  1.17082767e-01, -4.22040885e-03,
        7.41881669e-01, -5.58008114e-03, -6.84394687e-02, -3.19978893e-02,
        1.36983216e-01, -2.71914396e-02,  7.40361452e-01, -1.19250119e-02,
       -6.05277531e-02, -3.51434434e-03,  1.78857207e-01,  6.47805259e-02,
        7.30187893e-01, -1.30785666e-02, -5.14288284e-02, -8.13726857e-02,
        2.87695140e-01,  2.12788716e-01,  7.78794289e-01,  4.26416062e-02,
       -1.22429185e-01, -3.64113562e-02,  1.51110947e-01,  2.92436659e-01,
        7.13241816e-01,  4.53427471e-02, -8.70872363e-02,  1.13567062e-01,
        6.51023611e-02, -9.45260152e-02,  7.12715685e-01, -1.99548397e-02,
       -1.15494020e-01,  4.15508039e-02,  3.38587910e-01, -9.73323882e-02,
        9.94927168e-01, -8.07750411e-03, -3.75177741e-01,  3.67399901e-02,
        2.75666267e-01, -5.15687644e-01,  9.13407743e-01,  4.14934307e-02,
       -2.50003666e-01,  2.81189033e-03,  1.44931331e-01, -5.74238896e-02,
        7.25858152e-01,  2.37320550e-02, -5.59311211e-02,  6.68079779e-02,
        2.68907458e-01, -1.61109909e-01,  6.70383513e-01,  1.35540575e-01,
        8.01559463e-02,  6.68079779e-02,  2.68907458e-01, -1.61109909e-01,
        6.70383513e-01,  1.35540575e-01,  8.01559463e-02,  2.53279302e-02,
        4.04887617e-01,  1.09852076e-01,  5.92134655e-01,  1.59785748e-02,
       -9.36581120e-02, -2.11377934e-01,  5.12752354e-01,  9.48127583e-02,
        5.13309300e-01, -8.39031115e-02,  1.39891788e-01, -2.11377934e-01,
        5.12752354e-01,  9.48127583e-02,  5.13309300e-01, -8.39031115e-02,
        1.39891788e-01,  0.00000000e+00,  0.00000000e+00,  0.00000000e+00,
        0.00000000e+00,  0.00000000e+00,  0.00000000e+00, -2.45798945e+00,
        2.54915452e+00,  1.74677610e+00,  4.19152451e+00,  8.24911499e+00,
        6.98419714e+00,  3.00357399e+01, -4.57099009e+00, -3.08348626e-01,
        1.65300810e+00,  3.44550776e+00,  1.74562168e+01,  2.06637669e+01,
       -4.57627392e+00, -2.07447839e+00, -4.89449441e-01,  7.43820131e-01,
        4.53488445e+00,  1.20955431e+00,  9.38202322e-01,  3.60955048e+00],      dtype=float32), std=Array([5.85061163e-02, 9.55293253e-02, 1.43973663e-01, 1.52272373e-01,
       2.63431460e-01, 2.71496713e-01, 3.19323093e-01, 3.33704889e-01,
       1.25242636e-01, 2.31709391e-01, 2.11319789e-01, 4.17857170e-01,
       3.43650639e-01, 6.13365650e-01, 1.44908667e-01, 2.78425902e-01,
       4.61142600e-01, 7.60122478e-01, 4.52177137e-01, 6.09575033e-01,
       7.37057805e-01, 7.30545044e-01, 8.58204186e-01, 6.00104392e-01,
       7.05905080e-01, 8.78551066e-01, 6.73665643e-01, 4.57562506e-01,
       4.09513593e-01, 1.36351538e+00, 2.13512826e+00, 3.20162559e+00,
       3.41257429e+00, 3.64123011e+00, 2.42640591e+00, 2.00217819e+00,
       3.47062802e+00, 3.98805022e+00, 6.81978035e+00, 8.38444901e+00,
       1.14607286e+01, 2.22439909e+00, 3.38431573e+00, 5.61192322e+00,
       1.06728239e+01, 9.60634613e+00, 1.17479153e+01, 6.90538979e+00,
       6.85078192e+00, 1.09353476e+01, 5.84524727e+00, 6.76001024e+00,
       1.10668268e+01, 9.17020142e-02, 9.20972452e-02, 5.27604409e-02,
       2.25483235e-02, 1.02002621e-01, 1.00267120e-01, 3.00228536e-01,
       3.03813994e-01, 1.50904194e-01, 9.99999997e-07, 1.13785051e-01,
       1.22651316e-01, 9.37679708e-02, 4.22614180e-02, 1.74216539e-01,
       1.68401867e-01, 3.29694360e-01, 3.26879323e-01, 1.37657166e-01,
       1.25805731e-04, 1.44131863e-02, 1.46762561e-02, 8.50312226e-03,
       4.30367049e-03, 1.47270048e-02, 1.25283441e-02, 9.04404223e-02,
       7.61661083e-02, 4.55286391e-02, 9.99999997e-07, 1.99217107e-02,
       1.91376898e-02, 2.33750027e-02, 1.51483230e-02, 6.97062397e-03,
       8.44449177e-03, 2.57413059e-01, 2.66260177e-01, 1.26296684e-01,
       9.99999997e-07, 4.60285097e-02, 4.62551489e-02, 4.26905267e-02,
       2.28723697e-02, 5.85016385e-02, 4.41142395e-02, 2.76402920e-01,
       2.16759861e-01, 1.14019349e-01, 9.99999997e-07, 1.18765563e-01,
       1.18362367e-01, 1.05939619e-01, 4.68673334e-02, 1.59558401e-01,
       1.21659271e-01, 3.06829959e-01, 2.37404719e-01, 1.27426609e-01,
       1.19511067e-04, 1.05008252e-01, 9.39541236e-02, 7.86190331e-02,
       3.36863659e-02, 1.19488202e-01, 9.31830555e-02, 1.75591439e-01,
       1.37478173e-01, 9.21532810e-02, 9.99999997e-07, 5.49117364e-02,
       4.49051522e-02, 5.34058660e-02, 2.91355848e-02, 6.31590188e-02,
       4.15765345e-02, 3.10719132e-01, 2.09845439e-01, 1.27914935e-01,
       9.99999997e-07, 1.99275762e-01, 1.83080390e-01, 1.02993712e-01,
       4.71494645e-02, 1.79961815e-01, 1.20306954e-01, 3.71131241e-01,
       2.40484238e-01, 2.31867194e-01, 1.19511067e-04, 1.70193329e-01,
       1.64334074e-01, 8.34704116e-02, 3.65162864e-02, 1.37941957e-01,
       9.37100649e-02, 2.18652949e-01, 1.43895134e-01, 1.62347078e-01,
       9.99999997e-07, 1.05588056e-01, 1.10712253e-01, 5.27516231e-02,
       3.85985188e-02, 7.73221701e-02, 6.62271455e-02, 2.09624439e-01,
       1.69341430e-01, 1.42339438e-01, 9.99999997e-07, 1.14980236e-01,
       1.18457951e-01, 7.41286948e-02, 4.37623560e-02, 6.32027462e-02,
       6.31060898e-02, 1.61747366e-01, 1.55481443e-01, 1.47159263e-01,
       9.99999997e-07, 3.90976928e-02, 4.01711576e-02, 3.33063304e-02,
       1.64986365e-02, 2.21746657e-02, 2.19782442e-02, 5.06254062e-02,
       5.22504151e-02, 5.28375022e-02, 9.99999997e-07, 9.00248289e-02,
       8.66882205e-02, 4.76626642e-02, 3.13935243e-02, 6.71600997e-02,
       5.74841760e-02, 1.91627175e-01, 1.52483091e-01, 1.19493373e-01,
       9.99999997e-07, 9.87721980e-02, 9.98904407e-02, 6.08008541e-02,
       3.63488831e-02, 5.75770363e-02, 4.75790799e-02, 1.64894328e-01,
       1.20531976e-01, 1.40422657e-01, 9.99999997e-07, 3.49698551e-02,
       3.68854441e-02, 2.70066336e-02, 1.33573944e-02, 2.08216291e-02,
       1.69332139e-02, 5.22768497e-02, 4.13382538e-02, 5.58107309e-02,
       9.99999997e-07, 1.64791489e+00, 2.17072439e+00, 2.89858508e+00,
       9.58038092e-01, 6.25269592e-01, 3.91755521e-01, 1.64791489e+00,
       2.17072439e+00, 2.89858508e+00, 9.58038092e-01, 6.25269592e-01,
       3.91755521e-01, 1.66183436e+00, 2.20592403e+00, 2.73269510e+00,
       6.42203927e-01, 4.94603068e-01, 3.73604804e-01, 1.77707696e+00,
       2.30480838e+00, 2.74532199e+00, 6.28454328e-01, 4.10274774e-01,
       3.76030535e-01, 2.02634573e+00, 2.59967637e+00, 3.78912377e+00,
       7.33997166e-01, 4.80888724e-01, 4.19742703e-01, 2.85682797e+00,
       3.87806368e+00, 3.84832311e+00, 2.10975456e+00, 1.47765446e+00,
       7.60337710e-01, 8.44466496e+00, 7.54599762e+00, 6.98720837e+00,
       5.04414701e+00, 5.75552082e+00, 2.18604636e+00, 2.29371953e+00,
       4.06043768e+00, 3.66525292e+00, 7.68962264e-01, 4.79761809e-01,
       4.84421343e-01, 3.43828464e+00, 6.85851097e+00, 3.72301030e+00,
       3.30780149e+00, 1.61349654e+00, 1.82270789e+00, 8.80348301e+00,
       9.40331268e+00, 7.61644697e+00, 5.54886055e+00, 6.04762030e+00,
       2.62970352e+00, 5.15021563e+00, 5.71524906e+00, 5.25114393e+00,
       2.83638692e+00, 2.32308316e+00, 1.16232407e+00, 6.63857317e+00,
       7.33377600e+00, 6.82062101e+00, 3.18022537e+00, 2.87208104e+00,
       2.18096399e+00, 6.63857317e+00, 7.33377600e+00, 6.82062101e+00,
       3.18022537e+00, 2.87208104e+00, 2.18096399e+00, 4.89474726e+00,
       5.57103968e+00, 4.57863569e+00, 2.63053966e+00, 2.32948756e+00,
       1.00558722e+00, 6.02680254e+00, 7.65535593e+00, 5.73848963e+00,
       2.81777358e+00, 2.58026791e+00, 1.97071552e+00, 6.02680254e+00,
       7.65535593e+00, 5.73848963e+00, 2.81777358e+00, 2.58026791e+00,
       1.97071552e+00, 9.99999997e-07, 9.99999997e-07, 9.99999997e-07,
       9.99999997e-07, 9.99999997e-07, 9.99999997e-07, 1.73551846e+01,
       1.83230095e+01, 1.89767723e+01, 1.91296997e+01, 1.79365368e+01,
       5.26214104e+01, 3.02731361e+01, 8.80707359e+00, 8.49709511e+00,
       1.82895012e+01, 1.77779045e+01, 6.72826233e+01, 3.31605339e+01,
       8.63873291e+00, 8.84279537e+00, 9.13003540e+00, 9.50753498e+00,
       1.78561077e+01, 8.46797562e+00, 8.99228573e+00, 1.69536743e+01],      dtype=float32), count=Array(30146560., dtype=float32), summed_variance=Array([ 1.03190648e+05,  2.75113062e+05,  6.24890438e+05,  6.99004500e+05,
        2.09205475e+06,  2.22211725e+06,  3.07396150e+06,  3.35708925e+06,
        4.72870531e+05,  1.61854612e+06,  1.34622650e+06,  5.26372850e+06,
        3.56018150e+06,  1.13416620e+07,  6.33033250e+05,  2.33699100e+06,
        6.41074200e+06,  1.74182680e+07,  6.16389150e+06,  1.12019110e+07,
        1.63772480e+07,  1.60891000e+07,  2.22033780e+07,  1.08565400e+07,
        1.50220920e+07,  2.32686820e+07,  1.36812770e+07,  6.31158800e+06,
        5.05562000e+06,  5.60477080e+07,  1.37431312e+08,  3.09014496e+08,
        3.51076704e+08,  3.99699904e+08,  1.77486256e+08,  1.20849048e+08,
        3.63123168e+08,  4.79467328e+08,  1.40209869e+09,  2.11927258e+09,
        3.95969997e+09,  1.49163712e+08,  3.45286432e+08,  9.49426240e+08,
        3.43396966e+09,  2.78198195e+09,  4.16063283e+09,  1.43752090e+09,
        1.41487501e+09,  3.60498125e+09,  1.03001504e+09,  1.37762970e+09,
        3.69218995e+09,  2.53510266e+05,  2.55700172e+05,  8.39179062e+04,
        1.53273232e+04,  3.13660938e+05,  3.03078312e+05,  2.71732600e+06,
        2.78261625e+06,  6.86499812e+05, -1.82931221e+00,  3.90308656e+05,
        4.53505125e+05,  2.65061625e+05,  5.38425898e+04,  9.14990438e+05,
        8.54932000e+05,  3.27688250e+06,  3.22116275e+06,  5.71262062e+05,
        4.77132112e-01,  6.26264453e+03,  6.49334277e+03,  2.17968921e+03,
        5.58361938e+02,  6.53832715e+03,  4.73178662e+03,  2.46582891e+05,
        1.74888547e+05,  6.24895078e+04, -1.76714599e-01,  1.19644043e+04,
        1.10412139e+04,  1.64718008e+04,  6.91778271e+03,  1.46480945e+03,
        2.14973438e+03,  1.99755575e+06,  2.13722475e+06,  4.80863375e+05,
       -2.06756067e+00,  6.38692148e+04,  6.44997344e+04,  5.49415430e+04,
        1.57710303e+04,  1.03174852e+05,  5.86671992e+04,  2.30315425e+06,
        1.41643138e+06,  3.91917719e+05,  0.00000000e+00,  4.25225062e+05,
        4.22342781e+05,  3.38341000e+05,  6.62183359e+04,  7.67497875e+05,
        4.46198625e+05,  2.83813650e+06,  1.69909038e+06,  4.89506000e+05,
        4.30580199e-01,  3.32418062e+05,  2.66115094e+05,  1.86334469e+05,
        3.42094570e+04,  4.30415438e+05,  2.61765078e+05,  9.29489500e+05,
        5.69777438e+05,  2.56011453e+05, -4.41852063e-02,  9.09008828e+04,
        6.07897188e+04,  8.59836250e+04,  2.55908848e+04,  1.20256492e+05,
        5.21115977e+04,  2.91054125e+06,  1.32750700e+06,  4.93265062e+05,
        0.00000000e+00,  1.19714500e+06,  1.01046538e+06,  3.19785812e+05,
        6.70179766e+04,  9.76334375e+05,  4.36334188e+05,  4.15233950e+06,
        1.74345612e+06,  1.62075150e+06,  4.30580199e-01,  8.73218375e+05,
        8.14128688e+05,  2.10040422e+05,  4.01986094e+04,  5.73628312e+05,
        2.64734344e+05,  1.44128025e+06,  6.24208938e+05,  7.94560125e+05,
       -4.41852063e-02,  3.36099125e+05,  3.69512531e+05,  8.38898594e+04,
        4.49137266e+04,  1.80237781e+05,  1.32223875e+05,  1.32471250e+06,
        8.64498562e+05,  6.10784875e+05,  0.00000000e+00,  3.98551281e+05,
        4.23025156e+05,  1.65657266e+05,  5.77350039e+04,  1.20423070e+05,
        1.20055039e+05,  7.88700688e+05,  7.28777500e+05,  6.52849375e+05,
       -1.87784713e-02,  4.60829297e+04,  4.86481641e+04,  3.34419297e+04,
        8.20604590e+03,  1.48235410e+04,  1.45620928e+04,  7.72635781e+04,
        8.23033047e+04,  8.41632188e+04, -2.61799409e-03,  2.44321906e+05,
        2.26546844e+05,  6.84848438e+04,  2.97110449e+04,  1.35975453e+05,
        9.96172266e+04,  1.10701100e+06,  7.00940562e+05,  4.30452688e+05,
        0.00000000e+00,  2.94108250e+05,  3.00805438e+05,  1.11444117e+05,
        3.98308828e+04,  9.99393281e+04,  6.82448438e+04,  8.19689250e+05,
        4.37967969e+05,  5.94445625e+05, -1.87784713e-02,  3.68659531e+04,
        4.10154805e+04,  2.19876426e+04,  5.37874951e+03,  1.30697461e+04,
        8.64403711e+03,  8.23866094e+04,  5.15159844e+04,  9.39016484e+04,
       -2.61799409e-03,  8.18667040e+07,  1.42051936e+08,  2.53285232e+08,
        2.76696300e+07,  1.17861620e+07,  4.62666500e+06,  8.18667040e+07,
        1.42051936e+08,  2.53285232e+08,  2.76696300e+07,  1.17861620e+07,
        4.62666500e+06,  8.32555600e+07,  1.46696224e+08,  2.25123152e+08,
        1.24332220e+07,  7.37481950e+06,  4.20787400e+06,  9.52029200e+07,
        1.60142800e+08,  2.27208400e+08,  1.19065310e+07,  5.07443200e+06,
        4.26269250e+06,  1.23784104e+08,  2.03740016e+08,  4.32828032e+08,
        1.62415150e+07,  6.97151250e+06,  5.31134050e+06,  2.46040160e+08,
        4.53385504e+08,  4.46458240e+08,  1.34184288e+08,  6.58238920e+07,
        1.74281320e+07,  2.14982272e+09,  1.71660787e+09,  1.47178778e+09,
        7.67031616e+08,  9.98635712e+08,  1.44064352e+08,  1.58605568e+08,
        4.97030976e+08,  4.04991328e+08,  1.78257520e+07,  6.93887600e+06,
        7.07431400e+06,  3.56386656e+08,  1.41806938e+09,  4.17855616e+08,
        3.29850144e+08,  7.84826880e+07,  1.00154840e+08,  2.33639808e+09,
        2.66562842e+09,  1.74881011e+09,  9.28208256e+08,  1.10257178e+09,
        2.08473744e+08,  7.99629120e+08,  9.84709504e+08,  8.31276864e+08,
        2.42531824e+08,  1.62692400e+08,  4.07279200e+07,  1.32857869e+09,
        1.62141094e+09,  1.40244429e+09,  3.04897312e+08,  2.48674432e+08,
        1.43395264e+08,  1.32857869e+09,  1.62141094e+09,  1.40244429e+09,
        3.04897312e+08,  2.48674432e+08,  1.43395264e+08,  7.22267904e+08,
        9.35643200e+08,  6.31989632e+08,  2.08606336e+08,  1.63590672e+08,
        3.04843780e+07,  1.09499392e+09,  1.76672333e+09,  9.92734208e+08,
        2.39359120e+08,  2.00709264e+08,  1.17080792e+08,  1.09499392e+09,
        1.76672333e+09,  9.92734208e+08,  2.39359120e+08,  2.00709264e+08,
        1.17080792e+08,  0.00000000e+00,  0.00000000e+00,  0.00000000e+00,
        0.00000000e+00,  0.00000000e+00,  0.00000000e+00,  9.08021760e+09,
        1.01211863e+10,  1.08563169e+10,  1.10319954e+10,  9.69873203e+09,
        8.34762179e+10,  2.76282020e+10,  2.33830426e+09,  2.17660058e+09,
        1.00842025e+10,  9.52793805e+09,  1.36472027e+11,  3.31497902e+10,
        2.24976870e+09,  2.35731123e+09,  2.51294362e+09,  2.72504474e+09,
        9.61194701e+09,  2.16170803e+09,  2.43768704e+09,  8.66493747e+09],      dtype=float32)), {'params': {'hidden_0': {'bias': Array([ 0.04792579,  0.03984109,  0.12125606,  0.08486972,  0.16739717,
        0.08773282, -0.28606972,  0.16527198,  0.06776438,  0.2510793 ,
        0.1128763 , -0.02134558,  0.06926119,  0.00552097,  0.05067762,
        0.03935469,  0.05672921,  0.19282676, -0.10687378,  0.14934368,
        0.20221221, -0.02288643,  0.15017314,  0.04795878,  0.10861137,
        0.08691961,  0.09420703, -0.2345333 ,  0.06865039,  0.04390707,
        0.11868204,  0.26973963], dtype=float32), 'kernel': Array([[-0.15058136,  0.03473717, -0.05354623, ...,  0.10599612,
        -0.07043795, -0.01877103],
       [ 0.04758776,  0.07558275,  0.10394365, ..., -0.06333987,
         0.0498835 ,  0.06460451],
       [-0.01790623, -0.01085543, -0.00265253, ...,  0.03045103,
         0.00833048, -0.02503189],
       ...,
       [-0.00550891, -0.02627431,  0.02142781, ..., -0.0265942 ,
        -0.041052  ,  0.01756606],
       [-0.05791741, -0.01095087,  0.02677505, ...,  0.00949386,
        -0.04708201,  0.07697124],
       [ 0.00290953,  0.00481131, -0.03175918, ..., -0.03068947,
         0.04204184,  0.03471757]], dtype=float32)}, 'hidden_1': {'bias': Array([ 0.14448658,  0.00352005,  0.05562561,  0.05963252, -0.08937987,
       -0.1327521 ,  0.14902723,  0.0725267 ,  0.01565292,  0.00583082,
        0.06448187,  0.21783803, -0.15394907, -0.10096017, -0.03383272,
       -0.0102761 , -0.10399257, -0.2381648 ,  0.00445527,  0.18983188,
        0.12032805,  0.19329678,  0.03786534,  0.01960853, -0.20009258,
        0.13805199,  0.15273482, -0.00375097,  0.21086577,  0.10739006,
        0.12244885, -0.11467916], dtype=float32), 'kernel': Array([[ 0.12194312,  0.15493569,  0.20357376, ...,  0.05264913,
         0.18140402, -0.11685413],
       [-0.13328005,  0.28332725, -0.2978983 , ..., -0.09599347,
        -0.20763466, -0.1272658 ],
       [ 0.26226398,  0.14006482,  0.37672198, ...,  0.14219777,
        -0.03494282,  0.14858697],
       ...,
       [ 0.23335877,  0.1736973 , -0.17399582, ..., -0.12243151,
         0.21461955, -0.20147306],
       [-0.14106654,  0.1240432 ,  0.31553006, ..., -0.03907241,
        -0.17428772, -0.07600464],
       [ 0.34392548, -0.22924419,  0.12936772, ...,  0.12733157,
        -0.02980981, -0.1636782 ]], dtype=float32)}, 'hidden_2': {'bias': Array([-0.04745559,  0.10403775, -0.22401159, -0.12587756,  0.1226735 ,
        0.07469393,  0.06261083, -0.2731821 ,  0.23801924,  0.12684503,
        0.19614185,  0.07954822,  0.03949565,  0.3093169 ,  0.02751413,
       -0.12339188, -0.05987894, -0.09383243,  0.15049326,  0.13907574,
        0.09936983, -0.05120004,  0.24641083,  0.01891636, -0.0263131 ,
        0.19930649, -0.10290269,  0.26293167, -0.00474351,  0.28912276,
        0.01014918,  0.10271868], dtype=float32), 'kernel': Array([[-2.3001745e-02, -2.7769574e-04, -2.3995690e-02, ...,
         1.1909224e-01,  3.4584239e-02, -1.3345709e-01],
       [ 1.1085404e-01,  6.0532324e-02, -2.6738188e-01, ...,
        -2.2771828e-01, -6.9631428e-02, -6.3324836e-03],
       [-4.5218915e-01,  1.0854674e-01, -1.0055586e-01, ...,
        -5.9341706e-02, -3.5382757e-01,  1.5401195e-01],
       ...,
       [-6.0109958e-02, -1.2857413e-01, -1.2921165e-01, ...,
         2.2427990e-01, -1.7979828e-01, -5.3794418e-02],
       [ 1.6436386e-01, -8.3081350e-03, -8.1091961e-03, ...,
         2.7544218e-01,  2.0625303e-02, -2.4668533e-02],
       [ 1.1361648e-01, -4.4827399e-01,  5.1817387e-01, ...,
        -3.3681539e-01,  1.2191913e-01,  2.2416010e-01]], dtype=float32)}, 'hidden_3': {'bias': Array([-0.04221863, -0.06267734,  0.13462564,  0.08386745,  0.02579459,
        0.18828559,  0.2111788 ,  0.08113586, -0.17654909,  0.08543012,
        0.04593205,  0.13829927,  0.1481823 ,  0.135982  , -0.1554129 ,
        0.03207845,  0.23954049,  0.08494267,  0.18240523, -0.03707482,
        0.19829077,  0.00491906,  0.04802731, -0.07572547,  0.07104315,
        0.12352628,  0.24218339, -0.09605883,  0.1096194 , -0.03087764,
        0.08829534, -0.00298557], dtype=float32), 'kernel': Array([[-0.16213167,  0.12967695,  0.2647932 , ..., -0.14959769,
         0.24712776, -0.4789955 ],
       [-0.306618  ,  0.10246477, -0.04466682, ..., -0.0161449 ,
         0.15765797,  0.18225345],
       [-0.1056971 , -0.20999524,  0.00438141, ..., -0.23658077,
        -0.31667092,  0.20538291],
       ...,
       [-0.32843092,  0.2904588 , -0.02380814, ...,  0.2371717 ,
        -0.11981431,  0.09386223],
       [ 0.22193067,  0.2910232 , -0.05523335, ..., -0.15314494,
         0.24829504,  0.14874592],
       [ 0.03674562,  0.11425887, -0.21922608, ...,  0.03398772,
         0.04224923, -0.10393631]], dtype=float32)}, 'hidden_4': {'bias': Array([ 0.09159867,  0.11502399,  0.02991831,  0.13525833,  0.01727566,
        0.02183404,  0.03286856, -0.04153948, -0.15560812,  0.02473166,
        0.03709893,  0.10677494,  0.02592856, -0.01140738, -0.02134049,
        0.0998978 , -0.02700318, -0.00229348,  0.16438524,  0.01519686,
        0.0329217 , -0.09819242, -0.15020557, -0.21618637, -0.15134709,
       -0.09140979, -0.26397094, -0.37548345, -0.11376458, -0.06931532,
       -0.16834715, -0.19044615, -0.31574634, -0.25849786, -0.13753574,
       -0.10366829, -0.13186868, -0.02933885, -0.16385198, -0.06930894,
       -0.13924159, -0.11330207], dtype=float32), 'kernel': Array([[-0.1769513 ,  0.12895672,  0.40142375, ...,  0.15848303,
         0.14544609,  0.3150305 ],
       [-0.13801853,  0.18115   , -0.08397853, ...,  0.18226561,
         0.19118036, -0.05836441],
       [-0.03435151,  0.06657626,  0.19233558, ..., -0.10704806,
        -0.02760881, -0.07981604],
       ...,
       [-0.11932395,  0.27065644, -0.3701443 , ...,  0.3560323 ,
         0.28220725, -0.02473008],
       [ 0.24709083,  0.28368154, -0.05590951, ...,  0.00135467,
         0.2625054 , -0.1038233 ],
       [-0.0887083 , -0.24356951, -0.57421786, ..., -0.09092434,
         0.10254861, -0.14230101]], dtype=float32)}}})
[State(ne=0, nf=0, nl=21, nefc=53, ncon=8, solver_niter=Array(0, dtype=int32), time=Array(0., dtype=float32, weak_type=True), qpos=Array([-2.9517580e-03,  6.9813635e-03,  1.2849964e+00,  9.9995524e-01,
       -4.0742471e-03,  8.5225124e-03, -3.8968507e-04,  6.8329722e-03,
        4.6100235e-03,  5.5247163e-03, -5.3896941e-04,  3.9991904e-03,
       -3.0274605e-03,  9.2097390e-03, -2.5353930e-03,  8.3492603e-03,
       -7.3895333e-03,  2.2028685e-03, -7.0021488e-05, -8.2067372e-03,
       -9.4238138e-03,  6.5874215e-03,  9.6729007e-03,  6.0570054e-03,
       -9.6938917e-03, -3.3821799e-03, -1.2861937e-04,  5.7839938e-03],      dtype=float32), qvel=Array([-0.00967621,  0.005579  ,  0.00420982,  0.00597869, -0.00228396,
        0.00573487,  0.00854767,  0.00748193,  0.00179662,  0.00409493,
       -0.00789411, -0.00180613,  0.00455438, -0.00368823, -0.00947501,
        0.0027127 , -0.00733133, -0.00089733, -0.00784234, -0.00543801,
       -0.00671494,  0.00868652,  0.0031185 , -0.007422  , -0.00990776,
       -0.00474677,  0.00256794], dtype=float32), act=Array([], shape=(0,), dtype=float32), qacc_warmstart=Array([-3.2357559e-02,  2.9481386e-03, -9.8062429e+00,  3.4462612e-02,
        5.5918801e-01,  1.0292368e+00, -2.2432930e+00, -1.3069605e+00,
       -1.8383618e-02, -2.3068101e-03,  9.9407440e-01,  6.3004100e-01,
       -8.6084912e-03,  8.2432985e-01, -1.5663596e+00,  1.0843080e-01,
       -3.9963104e-02,  1.4344639e+00,  1.3898461e+00,  3.3549619e+00,
       -1.8088516e+00, -1.0638942e+00, -7.6200652e-01,  7.3563600e-01,
        3.7132433e-01,  1.4585655e+00, -6.7482758e-01], dtype=float32), ctrl=Array([0., 0., 0., 0., 0., 0., 0., 0., 0., 0., 0., 0., 0., 0., 0., 0., 0.,
       0., 0., 0., 0.], dtype=float32), qfrc_applied=Array([0., 0., 0., 0., 0., 0., 0., 0., 0., 0., 0., 0., 0., 0., 0., 0., 0.,
       0., 0., 0., 0., 0., 0., 0., 0., 0., 0.], dtype=float32), xfrc_applied=Array([[0., 0., 0., 0., 0., 0.],
       [0., 0., 0., 0., 0., 0.],
       [0., 0., 0., 0., 0., 0.],
       [0., 0., 0., 0., 0., 0.],
       [0., 0., 0., 0., 0., 0.],
       [0., 0., 0., 0., 0., 0.],
       [0., 0., 0., 0., 0., 0.],
       [0., 0., 0., 0., 0., 0.],
       [0., 0., 0., 0., 0., 0.],
       [0., 0., 0., 0., 0., 0.],
       [0., 0., 0., 0., 0., 0.],
       [0., 0., 0., 0., 0., 0.],
       [0., 0., 0., 0., 0., 0.],
       [0., 0., 0., 0., 0., 0.],
       [0., 0., 0., 0., 0., 0.],
       [0., 0., 0., 0., 0., 0.],
       [0., 0., 0., 0., 0., 0.]], dtype=float32), eq_active=Array([], shape=(0,), dtype=uint8), qacc=Array([-3.2357559e-02,  2.9481386e-03, -9.8062429e+00,  3.4462612e-02,
        5.5918801e-01,  1.0292368e+00, -2.2432930e+00, -1.3069605e+00,
       -1.8383618e-02, -2.3068101e-03,  9.9407440e-01,  6.3004100e-01,
       -8.6084912e-03,  8.2432985e-01, -1.5663596e+00,  1.0843080e-01,
       -3.9963104e-02,  1.4344639e+00,  1.3898461e+00,  3.3549619e+00,
       -1.8088516e+00, -1.0638942e+00, -7.6200652e-01,  7.3563600e-01,
        3.7132433e-01,  1.4585655e+00, -6.7482758e-01], dtype=float32), act_dot=Array([], shape=(0,), dtype=float32), userdata=Array([], shape=(0,), dtype=float32), xpos=Array([[ 0.00000000e+00,  0.00000000e+00,  0.00000000e+00],
       [-2.95175798e-03,  6.98136352e-03,  1.28499639e+00],
       [ 2.87254807e-04,  8.52824561e-03,  1.47496247e+00],
       [-1.76822245e-02,  4.87127714e-03,  1.02521908e+00],
       [-2.12588962e-02,  4.07584757e-03,  8.60260427e-01],
       [-2.15262659e-02, -9.60277915e-02,  8.20521474e-01],
       [-2.89062466e-02, -8.72878134e-02,  4.20560896e-01],
       [-3.23931500e-02, -8.81810784e-02,  3.05788182e-02],
       [-2.27267276e-02,  1.03967935e-01,  8.20018530e-01],
       [-3.15199122e-02,  9.58655775e-02,  4.20072973e-01],
       [-4.24141288e-02,  9.74713191e-02,  3.02320495e-02],
       [-2.04959302e-03, -1.62524432e-01,  1.34637201e+00],
       [ 1.76236853e-01, -3.41234028e-01,  1.16340530e+00],
       [ 3.60337436e-01, -1.61096543e-01,  1.33906817e+00],
       [-1.80823053e-03,  1.77464142e-01,  1.34359932e+00],
       [ 1.75204039e-01,  3.56606752e-01,  1.15982068e+00],
       [ 3.56683880e-01,  1.76961422e-01,  1.33868551e+00]],      dtype=float32), xquat=Array([[ 1.0000000e+00,  0.0000000e+00,  0.0000000e+00,  0.0000000e+00],
       [ 9.9995524e-01, -4.0742471e-03,  8.5225124e-03, -3.8968507e-04],
       [ 9.9995524e-01, -4.0742471e-03,  8.5225124e-03, -3.8968507e-04],
       [ 9.9992836e-01, -4.0520723e-03,  1.0841255e-02,  3.0173115e-03],
       [ 9.9993575e-01, -1.2899002e-03,  1.0849549e-02,  2.9873527e-03],
       [ 9.9994266e-01, -1.5301163e-03,  9.3382075e-03,  4.9920571e-03],
       [ 9.9997503e-01, -1.5071124e-03,  4.7335196e-03,  4.9990499e-03],
       [ 9.9996781e-01,  2.2395279e-03,  3.4872959e-03,  6.8548815e-03],
       [ 9.9993664e-01,  2.3927307e-03,  1.0828146e-02,  1.8457992e-03],
       [ 9.9988383e-01,  2.3851367e-03,  1.4931152e-02,  1.8556019e-03],
       [ 9.9994743e-01, -5.6702434e-04,  1.0217680e-02,  4.0153391e-04],
       [ 9.9995822e-01, -8.2052247e-05,  8.3621275e-03,  3.6845712e-03],
       [ 9.9993044e-01, -1.2333888e-04,  1.1788900e-02,  2.5709509e-04],
       [ 9.9993044e-01, -1.2333888e-04,  1.1788900e-02,  2.5709509e-04],
       [ 9.9996525e-01, -2.6875765e-03,  7.8800162e-03,  3.3706400e-04],
       [ 9.9997789e-01, -2.7029903e-03,  5.8296109e-03, -1.7023182e-03],
       [ 9.9997789e-01, -2.7029903e-03,  5.8296109e-03, -1.7023182e-03]],      dtype=float32), xmat=Array([[[ 1.00000000e+00,  0.00000000e+00,  0.00000000e+00],
        [ 0.00000000e+00,  1.00000000e+00,  0.00000000e+00],
        [ 0.00000000e+00,  0.00000000e+00,  1.00000000e+00]],
       [[ 9.99854207e-01,  7.09889631e-04,  1.70474369e-02],
        [-8.48780910e-04,  9.99966383e-01,  8.14148691e-03],
        [-1.70410853e-02, -8.15477129e-03,  9.99821424e-01]],
       [[ 9.99854207e-01,  7.09889631e-04,  1.70474369e-02],
        [-8.48780910e-04,  9.99966383e-01,  8.14148691e-03],
        [-1.70410853e-02, -8.15477129e-03,  9.99821424e-01]],
       [[ 9.99746442e-01, -6.12204988e-03,  2.16565039e-02],
        [ 5.94633166e-03,  9.99948740e-01,  8.16898700e-03],
        [-2.17054095e-02, -8.03814176e-03,  9.99731898e-01]],
       [[ 9.99746501e-01, -6.00231113e-03,  2.16899961e-02],
        [ 5.94633212e-03,  9.99978602e-01,  2.64445739e-03],
        [-2.17054114e-02, -2.51481170e-03,  9.99761045e-01]],
       [[ 9.99775529e-01, -1.00121181e-02,  1.86600666e-02],
        [ 9.95496474e-03,  9.99945283e-01,  3.15329083e-03],
        [-1.86906215e-02, -2.96682329e-03,  9.99820709e-01]],
       [[ 9.99904931e-01, -1.00121181e-02,  9.45173483e-03],
        [ 9.98358242e-03,  9.99945223e-01,  3.06147570e-03],
        [-9.48187057e-03, -2.96682352e-03,  9.99950349e-01]],
       [[ 9.99881506e-01, -1.36937015e-02,  7.00507080e-03],
        [ 1.37249418e-02,  9.99895811e-01, -4.43110149e-03],
        [-6.94366405e-03,  4.52672131e-03,  9.99965429e-01]],
       [[ 9.99758363e-01, -3.63954669e-03,  2.16637515e-02],
        [ 3.74318194e-03,  9.99981403e-01, -4.74518491e-03],
        [-2.16460861e-02,  4.82513150e-03,  9.99753714e-01]],
       [[ 9.99546945e-01, -3.63954692e-03,  2.98676863e-02],
        [ 3.78199830e-03,  9.99981463e-01, -4.71430644e-03],
        [-2.98499838e-02,  4.82513197e-03,  9.99542534e-01]],
       [[ 9.99790549e-01, -8.14612955e-04,  2.04338301e-02],
        [ 7.91438273e-04,  9.99998808e-01,  1.14219461e-03],
        [-2.04347391e-02, -1.12578354e-03,  9.99790311e-01]],
       [[ 9.99832928e-01, -7.37020699e-03,  1.67229511e-02],
        [ 7.36746239e-03,  9.99972761e-01,  2.25719356e-04],
        [-1.67241618e-02, -1.02475933e-04,  9.99860108e-01]],
       [[ 9.99721825e-01, -5.17062494e-04,  2.35760976e-02],
        [ 5.11246384e-04,  9.99999821e-01,  2.52722326e-04],
        [-2.35762242e-02, -2.40598849e-04,  9.99721944e-01]],
       [[ 9.99721825e-01, -5.17062494e-04,  2.35760976e-02],
        [ 5.11246384e-04,  9.99999821e-01,  2.52722326e-04],
        [-2.35762242e-02, -2.40598849e-04,  9.99721944e-01]],
       [[ 9.99875486e-01, -7.16460927e-04,  1.57576725e-02],
        [ 6.31748291e-04,  9.99985278e-01,  5.38027845e-03],
        [-1.57612972e-02, -5.36965393e-03,  9.99861300e-01]],
       [[ 9.99926209e-01,  3.37304641e-03,  1.16681661e-02],
        [-3.43607599e-03,  9.99979496e-01,  5.38601307e-03],
        [-1.16497613e-02, -5.42570883e-03,  9.99917388e-01]],
       [[ 9.99926209e-01,  3.37304641e-03,  1.16681661e-02],
        [-3.43607599e-03,  9.99979496e-01,  5.38601307e-03],
        [-1.16497613e-02, -5.42570883e-03,  9.99917388e-01]]],      dtype=float32), xipos=Array([[ 0.0000000e+00,  0.0000000e+00,  0.0000000e+00],
       [-7.6057022e-03,  6.6071344e-03,  1.2387021e+00],
       [ 2.8725481e-04,  8.5282456e-03,  1.4749625e+00],
       [-1.7682225e-02,  4.8712771e-03,  1.0252191e+00],
       [-4.1253828e-02,  3.9569209e-03,  8.6069453e-01],
       [-2.4748538e-02, -9.1564126e-02,  6.5053713e-01],
       [-3.0324006e-02, -8.7747037e-02,  2.7056834e-01],
       [ 2.6027001e-03, -8.7700702e-02,  3.0335790e-02],
       [-2.6391368e-02,  9.9774711e-02,  6.5003628e-01],
       [-3.6000066e-02,  9.6572727e-02,  2.7014160e-01],
       [-7.4214563e-03,  9.7499020e-02,  2.9516833e-02],
       [ 7.7188812e-02, -2.4195091e-01,  1.2650535e+00],
       [ 2.6828712e-01, -2.5116527e-01,  1.2512368e+00],
       [ 3.6033744e-01, -1.6109654e-01,  1.3390682e+00],
       [ 7.6863877e-02,  2.5708309e-01,  1.2619200e+00],
       [ 2.6594394e-01,  2.6678407e-01,  1.2492530e+00],
       [ 3.5668388e-01,  1.7696142e-01,  1.3386855e+00]], dtype=float32), ximat=Array([[[ 1.00000000e+00,  0.00000000e+00,  0.00000000e+00],
        [ 0.00000000e+00,  1.00000000e+00,  0.00000000e+00],
        [ 0.00000000e+00,  0.00000000e+00,  1.00000000e+00]],
       [[ 9.94984984e-01,  7.09889748e-04,  1.00021943e-01],
        [-1.52196293e-03,  9.99966502e-01,  8.04287754e-03],
        [-1.00012884e-01, -8.15477222e-03,  9.94952679e-01]],
       [[ 9.99854207e-01,  7.09889631e-04,  1.70474369e-02],
        [-8.48780910e-04,  9.99966383e-01,  8.14148691e-03],
        [-1.70410853e-02, -8.15477129e-03,  9.99821424e-01]],
       [[ 9.99746382e-01,  2.16565020e-02,  6.12204988e-03],
        [ 5.94633073e-03,  8.16900190e-03, -9.99948680e-01],
        [-2.17054076e-02,  9.99731839e-01,  8.03815667e-03]],
       [[ 9.99746501e-01,  2.16899961e-02,  6.00230973e-03],
        [ 5.94633166e-03,  2.64439266e-03, -9.99978602e-01],
        [-2.17054114e-02,  9.99761045e-01,  2.51474697e-03]],
       [[ 9.99775469e-01, -9.45920311e-03,  1.89463478e-02],
        [ 9.95496474e-03,  9.99605715e-01, -2.62455158e-02],
        [-1.86906215e-02,  2.64282413e-02,  9.99475658e-01]],
       [[ 9.99904931e-01, -1.00121181e-02,  9.45173483e-03],
        [ 9.98358242e-03,  9.99945223e-01,  3.06147570e-03],
        [-9.48187057e-03, -2.96682352e-03,  9.99950349e-01]],
       [[ 7.00509548e-03,  1.36937015e-02,  9.99881446e-01],
        [-4.43110103e-03, -9.99895692e-01,  1.37249399e-02],
        [ 9.99965370e-01, -4.52672085e-03, -6.94370270e-03]],
       [[ 9.99758303e-01, -4.27486748e-03,  2.15473901e-02],
        [ 3.74318194e-03,  9.99688685e-01,  2.46553719e-02],
        [-2.16460880e-02, -2.45687664e-02,  9.99463379e-01]],
       [[ 9.99546945e-01, -3.63954692e-03,  2.98676863e-02],
        [ 3.78199830e-03,  9.99981463e-01, -4.71430644e-03],
        [-2.98499838e-02,  4.82513197e-03,  9.99542534e-01]],
       [[ 2.04337835e-02,  8.14612838e-04,  9.99790549e-01],
        [ 1.14219438e-03, -9.99998689e-01,  7.91438215e-04],
        [ 9.99790192e-01,  1.12578343e-03, -2.04347372e-02]],
       [[ 7.96640933e-01,  1.95821881e-01, -5.71853995e-01],
        [ 2.17259973e-01,  7.90080249e-01,  5.73211253e-01],
        [ 5.64057946e-01, -5.80884516e-01,  5.86865962e-01]],
       [[ 2.25285649e-01, -7.74953306e-01, -5.90502799e-01],
        [-7.88420975e-01,  2.11067438e-01, -5.77791214e-01],
        [ 5.72397172e-01,  5.95732927e-01, -5.63439012e-01]],
       [[ 7.74953485e-01, -2.25285545e-01,  5.90502858e-01],
        [-2.11067513e-01,  7.88421154e-01,  5.77791274e-01],
        [-5.95732927e-01, -5.72397292e-01,  5.63439250e-01]],
       [[ 7.97826052e-01, -2.02765927e-01, -5.67767143e-01],
        [-2.07717225e-01,  7.91636348e-01, -5.74600160e-01],
        [ 5.65974474e-01,  5.76366007e-01,  5.89470148e-01]],
       [[ 2.20706210e-01,  7.82593012e-01, -5.82096815e-01],
        [ 7.91042447e-01,  2.05500886e-01,  5.76212645e-01],
        [ 5.70561528e-01, -5.87637067e-01, -5.73709071e-01]],
       [[ 7.82593191e-01,  2.20706135e-01,  5.82096934e-01],
        [ 2.05500990e-01,  7.91042626e-01, -5.76212704e-01],
        [-5.87637067e-01,  5.70561588e-01,  5.73709190e-01]]],      dtype=float32), xanchor=Array([[-0.00295176,  0.00698136,  1.2849964 ],
       [-0.01627455,  0.00540226,  1.0902016 ],
       [-0.01627455,  0.00540226,  1.0902016 ],
       [-0.0190899 ,  0.00434029,  0.96023655],
       [-0.02152627, -0.09602779,  0.8205215 ],
       [-0.02152627, -0.09602779,  0.8205215 ],
       [-0.02152627, -0.09602779,  0.8205215 ],
       [-0.02871721, -0.08722658,  0.4405599 ],
       [-0.03183629, -0.08823688,  0.11057629],
       [-0.03211295, -0.08835832,  0.07057744],
       [-0.02272673,  0.10396793,  0.82001853],
       [-0.02272673,  0.10396793,  0.82001853],
       [-0.02272673,  0.10396793,  0.82001853],
       [-0.03092256,  0.09577129,  0.44006383],
       [-0.04077889,  0.09732702,  0.11021484],
       [-0.04159677,  0.09751701,  0.07022366],
       [-0.00204959, -0.16252443,  1.346372  ],
       [-0.00204959, -0.16252443,  1.346372  ],
       [ 0.17623685, -0.34123403,  1.1634053 ],
       [-0.00180823,  0.17746414,  1.3435993 ],
       [-0.00180823,  0.17746414,  1.3435993 ],
       [ 0.17520404,  0.35660675,  1.1598207 ]], dtype=float32), xaxis=Array([[ 0.        ,  0.        ,  1.        ],
       [ 0.01704744,  0.00814149,  0.99982136],
       [-0.00612205,  0.99994874, -0.00803814],
       [ 0.9997465 ,  0.00594633, -0.02170541],
       [ 0.9997465 ,  0.00594633, -0.02170541],
       [ 0.02168676,  0.00318341,  0.9997595 ],
       [-0.01001212,  0.99994516, -0.00296682],
       [ 0.01001212, -0.9999453 ,  0.00296682],
       [-0.01001212,  0.9999452 , -0.00296682],
       [ 0.89745396,  0.01029431,  0.44098753],
       [-0.9997465 , -0.00594633,  0.02170541],
       [-0.02173376,  0.00474492, -0.9997522 ],
       [-0.00363955,  0.99998146,  0.00482513],
       [ 0.00363955, -0.9999814 , -0.00482513],
       [-0.00363955,  0.99998146,  0.00482513],
       [-0.9033782 , -0.00121869, -0.42884243],
       [ 0.82362705,  0.41086528,  0.3909322 ],
       [ 0.01703644, -0.7069279 ,  0.7070803 ],
       [ 0.01703643, -0.7069279 ,  0.7070803 ],
       [-0.8230474 ,  0.40560386, -0.39759055],
       [-0.01063574, -0.7109008 , -0.7032117 ],
       [-0.01063574, -0.7109008 , -0.7032118 ]], dtype=float32), geom_xpos=Array([[ 0.00000000e+00,  0.00000000e+00,  0.00000000e+00],
       [-2.95175798e-03,  6.98136352e-03,  1.28499639e+00],
